p/q = 34/89	b=55

(01001010010010100101001001010010010100101001001010010100100101001001010010100100101001001)	 lower wake = S-
01001010010010100101001001010010010100101001001010010100100101001001010010100100101001001(01001010010010100101001001010010010100101001001010010100100101001001010010100100101001010)
01001010010010100101001001010010010100101001001010010100100101001001010010100100101001001(01001010010010100101001001010010100100101001001010010100100101001001010010100100101001010)
01001010010010100101001001010010010100101001001010010100100101001001010010100100101001001(01001010010010100101001001010010100100101001001010010100100101001010010010100100101001010)
01001010010010100101001001010010010100101001001010010100100101001001010010100100101001001(01001010010100100101001001010010100100101001001010010100100101001010010010100100101001010)
01001010010010100101001001010010010100101001001010010100100101001001010010100100101001001(01001010010100100101001001010010100100101001010010010100100101001010010010100100101001010)
01001010010010100101001001010010010100101001001010010100100101001001010010100100101001001(01001010010100100101001001010010100100101001010010010100100101001010010010100101001001010)
01001010010010100101001001010010010100101001001010010100100101001001010010100100101001001(01001010010100100101001010010010100100101001010010010100100101001010010010100101001001010)
01001010010010100101001001010010010100101001001010010100100101001001010010100100101001001(01001010010100100101001010010010100100101001010010010100101001001010010010100101001001010)
01001010010010100101001001010010010100101001001010010100100101001001010010100100101001001(01010010010100100101001010010010100100101001010010010100101001001010010010100101001001010)
01001010010010100101001001010010010100101001001010010100100101001001010010100100101001001(01010010010100100101001010010010100101001001010010010100101001001010010010100101001001010)
01001010010010100101001001010010010100101001001010010100100101001001010010100100101001001(01010010010100100101001010010010100101001001010010010100101001001010010100100101001001010)
01001010010010100101001001010010010100101001001010010100100101001001010010100100101001001(01010010010100101001001010010010100101001001010010010100101001001010010100100101001001010)
01001010010010100101001001010010010100101001001010010100100101001001010010100100101001001(01010010010100101001001010010010100101001001010010100100101001001010010100100101001001010)
01001010010010100101001001010010010100101001001010010100100101001001010010100100101001001(01010010010100101001001010010010100101001001010010100100101001001010010100100101001010010)
01001010010010100101001001010010010100101001001010010100100101001001010010100100101001001(01010010010100101001001010010100100101001001010010100100101001001010010100100101001010010)
01001010010010100101001001010010010100101001001010010100100101001001010010100100101001001(01010010010100101001001010010100100101001001010010100100101001010010010100100101001010010)
01001010010010100101001001010010010100101001001010010100100101001001010010100100101001001(01010010100100101001001010010100100101001001010010100100101001010010010100100101001010010)
01001010010010100101001001010010010100101001001010010100100101001001010010100100101001001(01010010100100101001001010010100100101001010010010100100101001010010010100100101001010010)
01001010010010100101001001010010010100101001001010010100100101001001010010100100101001001(01010010100100101001001010010100100101001010010010100100101001010010010100101001001010010)
01001010010010100101001001010010010100101001001010010100100101001001010010100100101001001(01010010100100101001010010010100100101001010010010100100101001010010010100101001001010010)
01001010010010100101001001010010010100101001001010010100100101001001010010100100101001001(01010010100100101001010010010100100101001010010010100101001001010010010100101001001010010)
01001010010010100101001001010010010100101001001010010100100101001001010010100100101001001(10010010100100101001010010010100100101001010010010100101001001010010010100101001001010010)
01001010010010100101001001010010010100101001001010010100100101001001010010100100101001001(10010010100100101001010010010100101001001010010010100101001001010010010100101001001010010)
01001010010010100101001001010010010100101001001010010100100101001001010010100100101001001(10010010100100101001010010010100101001001010010010100101001001010010100100101001001010010)
01001010010010100101001001010010010100101001001010010100100101001001010010100100101001001(10010010100101001001010010010100101001001010010010100101001001010010100100101001001010010)
01001010010010100101001001010010010100101001001010010100100101001001010010100100101001001(10010010100101001001010010010100101001001010010100100101001001010010100100101001001010010)
01001010010010100101001001010010010100101001001010010100100101001001010010100100101001001(10010010100101001001010010010100101001001010010100100101001001010010100100101001010010010)
01001010010010100101001001010010010100101001001010010100100101001001010010100100101001001(10010010100101001001010010100100101001001010010100100101001001010010100100101001010010010)
01001010010010100101001001010010010100101001001010010100100101001001010010100100101001001(10010010100101001001010010100100101001001010010100100101001010010010100100101001010010010)
01001010010010100101001001010010010100101001001010010100100101001001010010100100101001001(10010100100101001001010010100100101001001010010100100101001010010010100100101001010010010)
01001010010010100101001001010010010100101001001010010100100101001001010010100100101001001(10010100100101001001010010100100101001010010010100100101001010010010100100101001010010010)
01001010010010100101001001010010010100101001001010010100100101001001010010100100101001001(10010100100101001001010010100100101001010010010100100101001010010010100101001001010010010)
01001010010010100101001001010010010100101001001010010100100101001001010010100100101001001(10010100100101001010010010100100101001010010010100100101001010010010100101001001010010010)
01001010010010100101001001010010010100101001001010010100100101001001010010100100101001001(10010100100101001010010010100100101001010010010100101001001010010010100101001001010010010)
01001010010010100101001001010010010100101001001010010100100101001001010010100100101001001(10010100100101001010010010100100101001010010010100101001001010010010100101001001010010100)
01001010010010100101001001010010010100101001001010010100100101001001010010100100101001001(10010100100101001010010010100101001001010010010100101001001010010010100101001001010010100)
01001010010010100101001001010010010100101001001010010100100101001001010010100100101001001(10010100100101001010010010100101001001010010010100101001001010010100100101001001010010100)
01001010010010100101001001010010010100101001001010010100100101001001010010100100101001001(10010100101001001010010010100101001001010010010100101001001010010100100101001001010010100)
01001010010010100101001001010010010100101001001010010100100101001001010010100100101001001(10010100101001001010010010100101001001010010100100101001001010010100100101001001010010100)
01001010010010100101001001010010010100101001001010010100100101001001010010100100101001001(10010100101001001010010010100101001001010010100100101001001010010100100101001010010010100)
01001010010010100101001001010010010100101001001010010100100101001001010010100100101001001(10010100101001001010010100100101001001010010100100101001001010010100100101001010010010100)
01001010010010100101001001010010010100101001001010010100100101001001010010100100101001001(10010100101001001010010100100101001001010010100100101001010010010100100101001010010010100)
01001010010010100101001001010010010100101001001010010100100101001001010010100100101001001(10100100101001001010010100100101001001010010100100101001010010010100100101001010010010100)
01001010010010100101001001010010010100101001001010010100100101001001010010100100101001001(10100100101001001010010100100101001010010010100100101001010010010100100101001010010010100)
01001010010010100101001001010010010100101001001010010100100101001001010010100100101001001(10100100101001001010010100100101001010010010100100101001010010010100101001001010010010100)
01001010010010100101001001010010010100101001001010010100100101001001010010100100101001001(10100100101001010010010100100101001010010010100100101001010010010100101001001010010010100)
01001010010010100101001001010010010100101001001010010100100101001001010010100100101001001(10100100101001010010010100100101001010010010100101001001010010010100101001001010010010100)
01001010010010100101001001010010010100101001001010010100100101001001010010100100101001001(10100100101001010010010100100101001010010010100101001001010010010100101001001010010100100)
01001010010010100101001001010010010100101001001010010100100101001001010010100100101001001(10100100101001010010010100101001001010010010100101001001010010010100101001001010010100100)
01001010010010100101001001010010010100101001001010010100100101001001010010100100101001001(10100100101001010010010100101001001010010010100101001001010010100100101001001010010100100)
01001010010010100101001001010010010100101001001010010100100101001001010010100100101001001(10100101001001010010010100101001001010010010100101001001010010100100101001001010010100100)
01001010010010100101001001010010010100101001001010010100100101001001010010100100101001001(10100101001001010010010100101001001010010100100101001001010010100100101001001010010100100)
01001010010010100101001001010010010100101001001010010100100101001001010010100100101001001(10100101001001010010010100101001001010010100100101001001010010100100101001010010010100100)
01001010010010100101001001010010010100101001001010010100100101001001010010100100101001001(10100101001001010010100100101001001010010100100101001001010010100100101001010010010100100)
01001010010010100101001001010010010100101001001010010100100101001001010010100100101001001(10100101001001010010100100101001001010010100100101001010010010100100101001010010010100100)
01001010010010100101001001010010010100101001001010010100100101001001010010100100101001010(00100101001001010010100100101001001010010100100101001010010010100100101001010010010100101)
01001010010010100101001001010010010100101001001010010100100101001001010010100100101001010(00100101001001010010100100101001010010010100100101001010010010100100101001010010010100101)
01001010010010100101001001010010010100101001001010010100100101001001010010100100101001010(00100101001001010010100100101001010010010100100101001010010010100101001001010010010100101)
01001010010010100101001001010010010100101001001010010100100101001001010010100100101001010(00100101001010010010100100101001010010010100100101001010010010100101001001010010010100101)
01001010010010100101001001010010010100101001001010010100100101001001010010100100101001010(00100101001010010010100100101001010010010100101001001010010010100101001001010010010100101)
01001010010010100101001001010010010100101001001010010100100101001001010010100100101001010(00100101001010010010100100101001010010010100101001001010010010100101001001010010100100101)
01001010010010100101001001010010010100101001001010010100100101001001010010100100101001010(00100101001010010010100101001001010010010100101001001010010010100101001001010010100100101)
01001010010010100101001001010010010100101001001010010100100101001001010010100100101001010(00100101001010010010100101001001010010010100101001001010010100100101001001010010100100101)
01001010010010100101001001010010010100101001001010010100100101001001010010100100101001010(00101001001010010010100101001001010010010100101001001010010100100101001001010010100100101)
01001010010010100101001001010010010100101001001010010100100101001001010010100100101001010(00101001001010010010100101001001010010100100101001001010010100100101001001010010100100101)
01001010010010100101001001010010010100101001001010010100100101001001010010100100101001010(00101001001010010010100101001001010010100100101001001010010100100101001010010010100100101)
01001010010010100101001001010010010100101001001010010100100101001001010010100100101001010(00101001001010010100100101001001010010100100101001001010010100100101001010010010100100101)
01001010010010100101001001010010010100101001001010010100100101001001010010100100101001010(00101001001010010100100101001001010010100100101001010010010100100101001010010010100100101)
01001010010010100101001001010010010100101001001010010100100101001001010010100100101001010(00101001001010010100100101001001010010100100101001010010010100100101001010010010100101001)
01001010010010100101001001010010010100101001001010010100100101001001010010100100101001010(00101001001010010100100101001010010010100100101001010010010100100101001010010010100101001)
01001010010010100101001001010010010100101001001010010100100101001001010010100100101001010(00101001001010010100100101001010010010100100101001010010010100101001001010010010100101001)
01001010010010100101001001010010010100101001001010010100100101001001010010100100101001010(00101001010010010100100101001010010010100100101001010010010100101001001010010010100101001)
01001010010010100101001001010010010100101001001010010100100101001001010010100100101001010(00101001010010010100100101001010010010100101001001010010010100101001001010010010100101001)
01001010010010100101001001010010010100101001001010010100100101001001010010100100101001010(00101001010010010100100101001010010010100101001001010010010100101001001010010100100101001)
01001010010010100101001001010010010100101001001010010100100101001001010010100100101001010(00101001010010010100101001001010010010100101001001010010010100101001001010010100100101001)
01001010010010100101001001010010010100101001001010010100100101001001010010100100101001010(00101001010010010100101001001010010010100101001001010010100100101001001010010100100101001)
01001010010010100101001001010010010100101001001010010100100101001001010010100100101001010(01001001010010010100101001001010010010100101001001010010100100101001001010010100100101001)
01001010010010100101001001010010010100101001001010010100100101001001010010100100101001010(01001001010010010100101001001010010100100101001001010010100100101001001010010100100101001)
01001010010010100101001001010010010100101001001010010100100101001001010010100100101001010(01001001010010010100101001001010010100100101001001010010100100101001010010010100100101001)
01001010010010100101001001010010010100101001001010010100100101001001010010100100101001010(01001001010010100100101001001010010100100101001001010010100100101001010010010100100101001)
01001010010010100101001001010010010100101001001010010100100101001001010010100100101001010(01001001010010100100101001001010010100100101001010010010100100101001010010010100100101001)
01001010010010100101001001010010010100101001001010010100100101001001010010100100101001010(01001001010010100100101001001010010100100101001010010010100100101001010010010100101001001)
01001010010010100101001001010010010100101001001010010100100101001001010010100100101001010(01001001010010100100101001010010010100100101001010010010100100101001010010010100101001001)
01001010010010100101001001010010010100101001001010010100100101001001010010100100101001010(01001001010010100100101001010010010100100101001010010010100101001001010010010100101001001)
01001010010010100101001001010010010100101001001010010100100101001001010010100100101001010(01001010010010100100101001010010010100100101001010010010100101001001010010010100101001001)
01001010010010100101001001010010010100101001001010010100100101001001010010100100101001010(01001010010010100100101001010010010100101001001010010010100101001001010010010100101001001)
01001010010010100101001001010010010100101001001010010100100101001001010010100100101001010(01001010010010100100101001010010010100101001001010010010100101001001010010100100101001001)
01001010010010100101001001010010010100101001001010010100100101001001010010100100101001010(01001010010010100101001001010010010100101001001010010010100101001001010010100100101001001)
01001010010010100101001001010010010100101001001010010100100101001001010010100100101001010(01001010010010100101001001010010010100101001001010010100100101001001010010100100101001001)
(01001010010010100101001001010010010100101001001010010100100101001001010010100100101001010)	 = S+ = higher wake 
